0 0.4 0.585 0.18666666666666668 0.06666666666666667
0 0.44666666666666666 0.48333333333333334 0.16666666666666666 0.06666666666666667
0 0.4166666666666667 0.42333333333333334 0.16 0.07
0 0.41833333333333333 0.2833333333333333 0.24333333333333335 0.09333333333333334
0 0.515 0.17666666666666667 0.16333333333333333 0.07
0 0.4216666666666667 0.13166666666666665 0.24666666666666667 0.07333333333333333
0 0.4 0.06166666666666667 0.18 0.07333333333333333
0 0.3933333333333333 0.7233333333333334 0.24 0.08
0 0.3883333333333333 0.9466666666666667 0.22666666666666666 0.08333333333333333
0 0.525 0.8366666666666667 0.21333333333333335 0.07
0 0.62 0.7066666666666667 0.15666666666666668 0.07
0 0.6633333333333333 0.7983333333333333 0.15 0.04666666666666667