0 0.415 0.4 0.06666666666666667 0.18666666666666668
0 0.5166666666666667 0.44666666666666666 0.06666666666666667 0.16666666666666666
0 0.5766666666666667 0.4166666666666667 0.07 0.16
0 0.7166666666666667 0.41833333333333333 0.09333333333333334 0.24333333333333335
0 0.8233333333333334 0.515 0.07 0.16333333333333333
0 0.8683333333333333 0.4216666666666667 0.07333333333333333 0.24666666666666667
0 0.9383333333333334 0.4 0.07333333333333333 0.18
0 0.27666666666666667 0.3933333333333333 0.08 0.24
0 0.05333333333333334 0.3883333333333333 0.08333333333333333 0.22666666666666666
0 0.16333333333333333 0.525 0.07 0.21333333333333335
0 0.29333333333333333 0.62 0.07 0.15666666666666668
0 0.20166666666666666 0.6633333333333333 0.04666666666666667 0.15